שכ.ךשה.צנב  1  0000000,00
שכ.ךשה.צנב  2  0000121,95
שכ.ךשה.צנב  3  0000000,00
שכ.ךשה.צנב  4  0000000,76
שכ.ךשה.צנב  5  0000900,00
שכ.ךשה.צנב  6  0038840,75
שכ.ךשה.צנב  7  0000000,00
 
  0039863,46
 
 
יףפשפ.שכ.ךשה.צנב  1  0000000,00
יףפשפ.שכ.ךשה.צנב  2  0000000,00
יףפשפ.שכ.ךשה.צנב  3  0000000,00
יףפשפ.שכ.ךשה.צנב  4  0000000,00
יףפשפ.שכ.ךשה.צנב  5  0000000,00
יףפשפ.שכ.ךשה.צנב  6  0000116,94
יףפשפ.שכ.ךשה.צנב  7  0000000,00
 
  0000116,94
 
 - 0039746,52
 
דןסע.ךשה.צנב  1  0000000,00
דןסע.ךשה.צנב  2  0000087,70
דןסע.ךשה.צנב  3  0000000,00
דןסע.ךשה.צנב  4  0000000,00
דןסע.ךשה.צנב  5  0001902,92
דןסע.ךשה.צנב  6  0018538,98
דןסע.ךשה.צנב  7  0000000,00
 
  0020529,60
 
יףפ.דןס.ךשה.צנב  1  0000000,00
יףפ.דןס.ךשה.צנב  2  0000000,00
יףפ.דןס.ךשה.צנב  3  0000000,00
יףפ.דןס.ךשה.צנב  4  0000000,00
יףפ.דןס.ךשה.צנב  5  0000225,37
יףפ.דןס.ךשה.צנב  6  0000031,97
יףפ.דןס.ךשה.צנב  7  0000000,00
 
  0000257,34
 
 - 0020272,26
 
 ךשה.צנב  1  0000000,00
 ךשה.צנב  2  0000000,00
 ךשה.צנב  3  0000000,00
 ךשה.צנב  4  0000000,00
 ךשה.צנב  5  0000225,37
 ךשה.צנב  6  0000031,97
 ךשה.צנב  7  0000000,00
 
  0001544,21
 
בדןס+ומןה0021816,47
 
